(1,1) to (4,3)
	min step = 3
	min path number = 4

path no. = 10, step = 3
1  0  0  0  0  0  0  0  
0  0  2  0  0  0  0  0  
0  0  0  0  3  0  0  0  
0  0  4  0  0  0  0  0  
0  0  0  0  0  0  0  0  
0  0  0  0  0  0  0  0  
0  0  0  0  0  0  0  0  
0  0  0  0  0  0  0  0  

path no. = 28, step = 3
1  0  0  0  0  0  0  0  
0  0  2  0  0  0  0  0  
3  0  0  0  0  0  0  0  
0  0  4  0  0  0  0  0  
0  0  0  0  0  0  0  0  
0  0  0  0  0  0  0  0  
0  0  0  0  0  0  0  0  
0  0  0  0  0  0  0  0  

path no. = 34, step = 3
1  0  0  0  0  0  0  0  
0  0  0  3  0  0  0  0  
0  2  0  0  0  0  0  0  
0  0  4  0  0  0  0  0  
0  0  0  0  0  0  0  0  
0  0  0  0  0  0  0  0  
0  0  0  0  0  0  0  0  
0  0  0  0  0  0  0  0  

path no. = 55, step = 3
1  0  0  0  0  0  0  0  
0  0  0  0  0  0  0  0  
0  2  0  0  0  0  0  0  
0  0  4  0  0  0  0  0  
3  0  0  0  0  0  0  0  
0  0  0  0  0  0  0  0  
0  0  0  0  0  0  0  0  
0  0  0  0  0  0  0  0  

