(1,1) to (4,2)
	path number searched =182
	min step = 2
	min path number = 1

path no. = 1, step = 6
1  0  0  0  3  0  0  0  
0  0  2  0  0  0  4  0  
0  0  0  0  0  0  0  0  
0  7  0  0  0  5  0  0  
0  0  0  6  0  0  0  0  
0  0  0  0  0  0  0  0  
0  0  0  0  0  0  0  0  
0  0  0  0  0  0  0  0  

path no. = 2, step = 6
1  0  0  0  3  0  0  0  
0  0  2  0  0  0  4  0  
0  0  0  6  0  0  0  0  
0  7  0  0  0  5  0  0  
0  0  0  0  0  0  0  0  
0  0  0  0  0  0  0  0  
0  0  0  0  0  0  0  0  
0  0  0  0  0  0  0  0  

path no. = 3, step = 6
1  0  0  0  3  0  0  0  
0  0  2  0  0  0  4  0  
0  0  0  0  5  0  0  0  
0  7  0  0  0  0  0  0  
0  0  0  6  0  0  0  0  
0  0  0  0  0  0  0  0  
0  0  0  0  0  0  0  0  
0  0  0  0  0  0  0  0  

path no. = 4, step = 6
1  0  0  0  3  0  0  0  
0  0  2  0  0  0  0  0  
0  0  0  0  0  4  0  0  
0  7  0  0  0  0  0  0  
0  0  0  0  5  0  0  0  
0  0  6  0  0  0  0  0  
0  0  0  0  0  0  0  0  
0  0  0  0  0  0  0  0  

path no. = 5, step = 6
1  0  0  0  3  0  0  0  
0  0  2  0  0  0  0  0  
0  0  0  6  0  4  0  0  
0  7  0  0  0  0  0  0  
0  0  0  0  5  0  0  0  
0  0  0  0  0  0  0  0  
0  0  0  0  0  0  0  0  
0  0  0  0  0  0  0  0  

path no. = 6, step = 6
1  0  0  0  3  0  0  0  
0  0  2  0  0  0  0  0  
0  0  0  0  0  4  0  0  
0  7  0  5  0  0  0  0  
0  0  0  0  0  0  0  0  
0  0  6  0  0  0  0  0  
0  0  0  0  0  0  0  0  
0  0  0  0  0  0  0  0  

path no. = 7, step = 6
1  0  0  0  3  0  0  0  
0  0  2  0  0  0  0  0  
0  0  0  4  0  0  0  0  
0  7  0  0  0  5  0  0  
0  0  0  6  0  0  0  0  
0  0  0  0  0  0  0  0  
0  0  0  0  0  0  0  0  
0  0  0  0  0  0  0  0  

path no. = 8, step = 6
1  0  0  0  3  0  0  0  
0  0  2  0  0  0  0  0  
0  0  0  4  0  0  0  0  
0  7  0  0  0  0  0  0  
0  0  0  0  5  0  0  0  
0  0  6  0  0  0  0  0  
0  0  0  0  0  0  0  0  
0  0  0  0  0  0  0  0  

path no. = 9, step = 6
1  0  0  0  3  0  0  0  
0  0  2  0  0  0  0  0  
0  0  0  4  0  0  0  0  
0  7  0  0  0  0  0  0  
0  0  5  0  0  0  0  0  
6  0  0  0  0  0  0  0  
0  0  0  0  0  0  0  0  
0  0  0  0  0  0  0  0  

path no. = 10, step = 4
1  0  0  0  3  0  0  0  
0  0  2  0  0  0  0  0  
0  0  0  4  0  0  0  0  
0  5  0  0  0  0  0  0  
0  0  0  0  0  0  0  0  
0  0  0  0  0  0  0  0  
0  0  0  0  0  0  0  0  
0  0  0  0  0  0  0  0  

path no. = 11, step = 6
1  0  0  0  0  0  0  0  
0  0  2  0  0  0  4  0  
0  0  0  0  3  0  0  0  
0  7  0  0  0  5  0  0  
0  0  0  6  0  0  0  0  
0  0  0  0  0  0  0  0  
0  0  0  0  0  0  0  0  
0  0  0  0  0  0  0  0  

path no. = 12, step = 6
1  0  0  0  0  0  0  0  
0  0  2  0  0  0  4  0  
0  0  0  6  3  0  0  0  
0  7  0  0  0  5  0  0  
0  0  0  0  0  0  0  0  
0  0  0  0  0  0  0  0  
0  0  0  0  0  0  0  0  
0  0  0  0  0  0  0  0  

path no. = 13, step = 6
1  0  0  0  5  0  0  0  
0  0  2  0  0  0  4  0  
0  0  0  6  3  0  0  0  
0  7  0  0  0  0  0  0  
0  0  0  0  0  0  0  0  
0  0  0  0  0  0  0  0  
0  0  0  0  0  0  0  0  
0  0  0  0  0  0  0  0  

path no. = 14, step = 6
1  0  0  0  0  0  0  0  
0  0  2  0  0  0  0  0  
0  0  0  0  3  0  0  0  
0  7  0  0  0  0  4  0  
0  0  0  6  0  0  0  0  
0  0  0  0  0  5  0  0  
0  0  0  0  0  0  0  0  
0  0  0  0  0  0  0  0  

path no. = 15, step = 6
1  0  0  0  0  0  0  0  
0  0  2  0  0  0  0  0  
0  0  0  0  3  0  0  0  
0  7  0  0  0  0  4  0  
0  0  0  0  5  0  0  0  
0  0  6  0  0  0  0  0  
0  0  0  0  0  0  0  0  
0  0  0  0  0  0  0  0  

path no. = 16, step = 6
1  0  0  0  0  0  0  0  
0  0  2  0  0  0  0  0  
0  0  0  6  3  0  0  0  
0  7  0  0  0  0  4  0  
0  0  0  0  5  0  0  0  
0  0  0  0  0  0  0  0  
0  0  0  0  0  0  0  0  
0  0  0  0  0  0  0  0  

path no. = 17, step = 6
1  0  0  0  0  0  0  0  
0  0  2  0  0  5  0  0  
0  0  0  6  3  0  0  0  
0  7  0  0  0  0  4  0  
0  0  0  0  0  0  0  0  
0  0  0  0  0  0  0  0  
0  0  0  0  0  0  0  0  
0  0  0  0  0  0  0  0  

path no. = 18, step = 6
1  0  0  0  0  0  0  0  
0  0  2  0  0  0  0  0  
0  0  0  0  3  0  0  0  
0  7  0  0  0  0  0  0  
0  0  0  0  0  4  0  0  
0  0  6  0  0  0  0  0  
0  0  0  0  5  0  0  0  
0  0  0  0  0  0  0  0  

path no. = 19, step = 6
1  0  0  0  0  0  0  0  
0  0  2  0  0  0  0  0  
0  0  0  0  3  0  0  0  
0  7  0  0  0  0  0  0  
0  0  0  6  0  4  0  0  
0  0  0  0  0  0  0  0  
0  0  0  0  5  0  0  0  
0  0  0  0  0  0  0  0  

path no. = 20, step = 6
1  0  0  0  0  0  0  0  
0  0  2  0  0  0  0  0  
0  0  0  0  3  0  0  0  
0  7  0  5  0  0  0  0  
0  0  0  0  0  4  0  0  
0  0  6  0  0  0  0  0  
0  0  0  0  0  0  0  0  
0  0  0  0  0  0  0  0  

path no. = 21, step = 6
1  0  0  0  0  0  0  0  
0  0  2  0  0  0  0  0  
0  0  0  6  3  0  0  0  
0  7  0  0  0  5  0  0  
0  0  0  4  0  0  0  0  
0  0  0  0  0  0  0  0  
0  0  0  0  0  0  0  0  
0  0  0  0  0  0  0  0  

path no. = 22, step = 6
1  0  0  0  0  0  0  0  
0  0  2  0  0  0  0  0  
0  0  0  0  3  0  0  0  
0  7  0  0  0  0  0  0  
0  0  0  4  0  0  0  0  
0  0  6  0  0  0  0  0  
0  0  0  0  5  0  0  0  
0  0  0  0  0  0  0  0  

path no. = 23, step = 6
1  0  0  0  0  0  0  0  
0  0  2  0  0  0  0  0  
0  0  0  0  3  0  0  0  
0  7  0  0  0  0  0  0  
0  0  0  4  0  0  0  0  
6  0  0  0  0  0  0  0  
0  0  5  0  0  0  0  0  
0  0  0  0  0  0  0  0  

path no. = 24, step = 4
1  0  0  0  0  0  0  0  
0  0  2  0  0  0  0  0  
0  0  0  0  3  0  0  0  
0  5  0  0  0  0  0  0  
0  0  0  4  0  0  0  0  
0  0  0  0  0  0  0  0  
0  0  0  0  0  0  0  0  
0  0  0  0  0  0  0  0  

path no. = 25, step = 6
1  0  0  0  0  0  0  0  
0  0  2  0  0  0  0  0  
0  0  0  0  3  0  0  0  
0  7  4  0  0  0  0  0  
0  0  0  0  5  0  0  0  
0  0  6  0  0  0  0  0  
0  0  0  0  0  0  0  0  
0  0  0  0  0  0  0  0  

path no. = 26, step = 6
1  0  0  0  0  0  0  0  
0  0  2  0  0  0  0  0  
0  0  0  6  3  0  0  0  
0  7  4  0  0  0  0  0  
0  0  0  0  5  0  0  0  
0  0  0  0  0  0  0  0  
0  0  0  0  0  0  0  0  
0  0  0  0  0  0  0  0  

path no. = 27, step = 6
1  0  0  0  0  0  0  0  
0  0  2  0  0  0  0  0  
0  0  0  0  3  0  0  0  
0  7  4  0  0  0  0  0  
0  0  0  6  0  0  0  0  
0  5  0  0  0  0  0  0  
0  0  0  0  0  0  0  0  
0  0  0  0  0  0  0  0  

path no. = 28, step = 6
1  0  0  0  0  0  0  0  
0  0  2  0  0  0  0  0  
0  0  0  0  3  0  0  0  
0  7  4  0  0  0  0  0  
5  0  0  0  0  0  0  0  
0  0  6  0  0  0  0  0  
0  0  0  0  0  0  0  0  
0  0  0  0  0  0  0  0  

path no. = 29, step = 6
1  0  0  0  0  0  0  0  
0  5  2  0  0  0  0  0  
0  0  0  6  3  0  0  0  
0  7  4  0  0  0  0  0  
0  0  0  0  0  0  0  0  
0  0  0  0  0  0  0  0  
0  0  0  0  0  0  0  0  
0  0  0  0  0  0  0  0  

path no. = 30, step = 6
1  0  0  4  0  0  0  0  
0  0  2  0  0  5  0  0  
0  0  0  6  3  0  0  0  
0  7  0  0  0  0  0  0  
0  0  0  0  0  0  0  0  
0  0  0  0  0  0  0  0  
0  0  0  0  0  0  0  0  
0  0  0  0  0  0  0  0  

path no. = 31, step = 6
1  0  0  4  0  0  0  0  
0  0  2  0  0  0  0  0  
0  0  5  0  3  0  0  0  
0  7  0  0  0  0  0  0  
0  0  0  6  0  0  0  0  
0  0  0  0  0  0  0  0  
0  0  0  0  0  0  0  0  
0  0  0  0  0  0  0  0  

path no. = 32, step = 6
1  0  0  4  0  0  0  0  
6  0  2  0  0  0  0  0  
0  0  5  0  3  0  0  0  
0  7  0  0  0  0  0  0  
0  0  0  0  0  0  0  0  
0  0  0  0  0  0  0  0  
0  0  0  0  0  0  0  0  
0  0  0  0  0  0  0  0  

path no. = 33, step = 6
1  0  0  4  0  0  0  0  
0  5  2  0  0  0  0  0  
0  0  0  6  3  0  0  0  
0  7  0  0  0  0  0  0  
0  0  0  0  0  0  0  0  
0  0  0  0  0  0  0  0  
0  0  0  0  0  0  0  0  
0  0  0  0  0  0  0  0  

path no. = 34, step = 6
1  0  0  0  0  0  0  0  
0  0  2  0  4  0  0  0  
0  0  0  0  0  0  0  0  
0  7  0  3  0  5  0  0  
0  0  0  6  0  0  0  0  
0  0  0  0  0  0  0  0  
0  0  0  0  0  0  0  0  
0  0  0  0  0  0  0  0  

path no. = 35, step = 6
1  0  0  0  0  0  0  0  
0  0  2  0  4  0  0  0  
0  0  0  6  0  0  0  0  
0  7  0  3  0  5  0  0  
0  0  0  0  0  0  0  0  
0  0  0  0  0  0  0  0  
0  0  0  0  0  0  0  0  
0  0  0  0  0  0  0  0  

path no. = 36, step = 6
1  0  0  0  0  0  0  0  
0  0  2  0  4  0  0  0  
0  0  5  0  0  0  0  0  
0  7  0  3  0  0  0  0  
0  0  0  6  0  0  0  0  
0  0  0  0  0  0  0  0  
0  0  0  0  0  0  0  0  
0  0  0  0  0  0  0  0  

path no. = 37, step = 6
1  0  0  0  0  0  0  0  
6  0  2  0  4  0  0  0  
0  0  5  0  0  0  0  0  
0  7  0  3  0  0  0  0  
0  0  0  0  0  0  0  0  
0  0  0  0  0  0  0  0  
0  0  0  0  0  0  0  0  
0  0  0  0  0  0  0  0  

path no. = 38, step = 6
1  0  5  0  0  0  0  0  
0  0  2  0  4  0  0  0  
0  0  0  6  0  0  0  0  
0  7  0  3  0  0  0  0  
0  0  0  0  0  0  0  0  
0  0  0  0  0  0  0  0  
0  0  0  0  0  0  0  0  
0  0  0  0  0  0  0  0  

path no. = 39, step = 6
1  0  5  0  0  0  0  0  
6  0  2  0  4  0  0  0  
0  0  0  0  0  0  0  0  
0  7  0  3  0  0  0  0  
0  0  0  0  0  0  0  0  
0  0  0  0  0  0  0  0  
0  0  0  0  0  0  0  0  
0  0  0  0  0  0  0  0  

path no. = 40, step = 6
1  0  0  0  0  0  0  0  
0  0  2  0  0  0  0  0  
0  0  0  0  0  4  0  0  
0  7  0  3  0  0  0  0  
0  0  0  0  5  0  0  0  
0  0  6  0  0  0  0  0  
0  0  0  0  0  0  0  0  
0  0  0  0  0  0  0  0  

path no. = 41, step = 6
1  0  0  0  0  0  0  0  
0  0  2  0  0  0  0  0  
0  0  0  6  0  4  0  0  
0  7  0  3  0  0  0  0  
0  0  0  0  5  0  0  0  
0  0  0  0  0  0  0  0  
0  0  0  0  0  0  0  0  
0  0  0  0  0  0  0  0  

path no. = 42, step = 6
1  0  0  0  5  0  0  0  
0  0  2  0  0  0  0  0  
0  0  0  6  0  4  0  0  
0  7  0  3  0  0  0  0  
0  0  0  0  0  0  0  0  
0  0  0  0  0  0  0  0  
0  0  0  0  0  0  0  0  
0  0  0  0  0  0  0  0  

path no. = 43, step = 6
1  0  0  0  0  0  0  0  
0  0  2  0  0  0  0  0  
0  0  0  0  0  0  0  0  
0  7  0  3  0  0  0  0  
0  0  0  0  0  4  0  0  
0  0  6  0  0  0  0  0  
0  0  0  0  5  0  0  0  
0  0  0  0  0  0  0  0  

path no. = 44, step = 6
1  0  0  0  0  0  0  0  
0  0  2  0  0  0  0  0  
0  0  0  0  0  0  0  0  
0  7  0  3  0  0  0  0  
0  0  0  6  0  4  0  0  
0  0  0  0  0  0  0  0  
0  0  0  0  5  0  0  0  
0  0  0  0  0  0  0  0  

path no. = 45, step = 6
1  0  0  0  0  0  0  0  
0  0  2  0  0  0  0  0  
0  0  0  0  5  0  0  0  
0  7  0  3  0  0  0  0  
0  0  0  6  0  4  0  0  
0  0  0  0  0  0  0  0  
0  0  0  0  0  0  0  0  
0  0  0  0  0  0  0  0  

path no. = 46, step = 6
1  0  0  0  0  0  0  0  
0  0  2  0  0  0  0  0  
0  0  0  0  0  0  0  0  
0  7  0  3  0  5  0  0  
0  0  0  6  0  0  0  0  
0  0  0  0  4  0  0  0  
0  0  0  0  0  0  0  0  
0  0  0  0  0  0  0  0  

path no. = 47, step = 6
1  0  0  0  0  0  0  0  
0  0  2  0  0  0  0  0  
0  0  0  6  0  0  0  0  
0  7  0  3  0  5  0  0  
0  0  0  0  0  0  0  0  
0  0  0  0  4  0  0  0  
0  0  0  0  0  0  0  0  
0  0  0  0  0  0  0  0  

path no. = 48, step = 6
1  0  0  0  0  0  0  0  
0  0  2  0  0  0  0  0  
0  0  0  0  0  0  0  0  
0  7  0  3  0  0  0  0  
0  0  0  0  0  0  0  0  
0  0  6  0  4  0  0  0  
0  0  0  0  0  0  0  0  
0  0  0  5  0  0  0  0  

path no. = 49, step = 6
1  0  0  0  0  0  0  0  
0  0  2  0  0  0  0  0  
0  0  0  0  0  0  0  0  
0  7  0  3  0  0  0  0  
0  0  0  6  0  0  0  0  
0  0  0  0  4  0  0  0  
0  0  5  0  0  0  0  0  
0  0  0  0  0  0  0  0  

path no. = 50, step = 6
1  0  0  0  0  0  0  0  
0  0  2  0  0  0  0  0  
0  0  0  0  0  0  0  0  
0  7  0  3  0  0  0  0  
0  0  0  0  0  0  0  0  
6  0  0  0  4  0  0  0  
0  0  5  0  0  0  0  0  
0  0  0  0  0  0  0  0  

path no. = 51, step = 6
1  0  0  0  0  0  0  0  
0  0  2  0  0  0  0  0  
0  0  0  6  0  0  0  0  
0  7  0  3  0  0  0  0  
0  0  5  0  0  0  0  0  
0  0  0  0  4  0  0  0  
0  0  0  0  0  0  0  0  
0  0  0  0  0  0  0  0  

path no. = 52, step = 6
1  0  0  0  0  0  0  0  
0  0  2  0  0  0  0  0  
0  0  0  0  0  0  0  0  
0  7  0  3  0  0  0  0  
0  0  5  0  0  0  0  0  
6  0  0  0  4  0  0  0  
0  0  0  0  0  0  0  0  
0  0  0  0  0  0  0  0  

path no. = 53, step = 6
1  0  0  0  0  0  0  0  
0  0  2  0  0  0  0  0  
0  0  0  6  0  0  0  0  
0  7  0  3  0  0  0  0  
0  0  0  0  5  0  0  0  
0  0  4  0  0  0  0  0  
0  0  0  0  0  0  0  0  
0  0  0  0  0  0  0  0  

path no. = 54, step = 6
1  0  0  0  0  0  0  0  
0  0  2  0  0  0  0  0  
0  0  0  0  0  0  0  0  
0  7  0  3  0  0  0  0  
0  0  0  6  0  0  0  0  
0  0  4  0  0  0  0  0  
0  0  0  0  5  0  0  0  
0  0  0  0  0  0  0  0  

path no. = 55, step = 6
1  0  0  0  0  0  0  0  
0  0  2  0  0  0  0  0  
0  0  0  0  0  0  0  0  
0  7  0  3  0  0  0  0  
0  0  0  0  0  0  0  0  
6  0  4  0  0  0  0  0  
0  0  0  0  0  0  0  0  
0  5  0  0  0  0  0  0  

path no. = 56, step = 4
1  0  0  0  0  0  0  0  
0  0  2  0  0  0  0  0  
0  0  0  0  0  0  0  0  
0  5  0  3  0  0  0  0  
0  0  0  0  0  0  0  0  
0  0  4  0  0  0  0  0  
0  0  0  0  0  0  0  0  
0  0  0  0  0  0  0  0  

path no. = 57, step = 6
1  0  0  0  0  0  0  0  
0  0  2  0  0  0  0  0  
0  0  5  0  0  0  0  0  
0  7  0  3  0  0  0  0  
0  4  0  6  0  0  0  0  
0  0  0  0  0  0  0  0  
0  0  0  0  0  0  0  0  
0  0  0  0  0  0  0  0  

path no. = 58, step = 6
1  0  0  0  0  0  0  0  
6  0  2  0  0  0  0  0  
0  0  5  0  0  0  0  0  
0  7  0  3  0  0  0  0  
0  4  0  0  0  0  0  0  
0  0  0  0  0  0  0  0  
0  0  0  0  0  0  0  0  
0  0  0  0  0  0  0  0  

path no. = 59, step = 6
1  0  0  0  0  0  0  0  
0  0  2  0  0  0  0  0  
0  0  0  0  0  0  0  0  
0  7  0  3  0  0  0  0  
0  4  0  6  0  0  0  0  
0  0  0  0  0  0  0  0  
0  0  5  0  0  0  0  0  
0  0  0  0  0  0  0  0  

path no. = 60, step = 6
1  0  0  0  0  0  0  0  
0  0  2  0  0  0  0  0  
0  0  0  0  0  0  0  0  
0  7  0  3  0  0  0  0  
0  4  0  0  0  0  0  0  
6  0  0  0  0  0  0  0  
0  0  5  0  0  0  0  0  
0  0  0  0  0  0  0  0  

path no. = 61, step = 6
1  0  0  0  0  0  0  0  
0  0  2  0  0  0  0  0  
0  0  0  0  0  0  0  0  
0  7  0  3  0  0  0  0  
0  4  0  0  0  0  0  0  
0  0  6  0  0  0  0  0  
5  0  0  0  0  0  0  0  
0  0  0  0  0  0  0  0  

path no. = 62, step = 6
1  0  5  0  0  0  0  0  
0  0  2  0  0  0  0  0  
0  4  0  6  0  0  0  0  
0  7  0  3  0  0  0  0  
0  0  0  0  0  0  0  0  
0  0  0  0  0  0  0  0  
0  0  0  0  0  0  0  0  
0  0  0  0  0  0  0  0  

path no. = 63, step = 6
1  0  5  0  0  0  0  0  
6  0  2  0  0  0  0  0  
0  4  0  0  0  0  0  0  
0  7  0  3  0  0  0  0  
0  0  0  0  0  0  0  0  
0  0  0  0  0  0  0  0  
0  0  0  0  0  0  0  0  
0  0  0  0  0  0  0  0  

path no. = 64, step = 6
1  0  0  0  0  0  0  0  
0  0  2  0  0  0  0  0  
0  4  0  6  0  0  0  0  
0  7  0  3  0  0  0  0  
0  0  5  0  0  0  0  0  
0  0  0  0  0  0  0  0  
0  0  0  0  0  0  0  0  
0  0  0  0  0  0  0  0  

path no. = 65, step = 6
1  0  0  0  0  0  0  0  
0  0  2  0  0  0  0  0  
0  4  0  0  0  0  0  0  
0  7  0  3  0  0  0  0  
0  0  5  0  0  0  0  0  
6  0  0  0  0  0  0  0  
0  0  0  0  0  0  0  0  
0  0  0  0  0  0  0  0  

path no. = 66, step = 6
1  0  0  0  0  0  0  0  
0  0  2  0  0  0  0  0  
0  4  0  0  0  0  0  0  
0  7  0  3  0  0  0  0  
5  0  0  0  0  0  0  0  
0  0  6  0  0  0  0  0  
0  0  0  0  0  0  0  0  
0  0  0  0  0  0  0  0  

path no. = 67, step = 2
1  0  0  0  0  0  0  0  
0  0  2  0  0  0  0  0  
0  0  0  0  0  0  0  0  
0  3  0  0  0  0  0  0  
0  0  0  0  0  0  0  0  
0  0  0  0  0  0  0  0  
0  0  0  0  0  0  0  0  
0  0  0  0  0  0  0  0  

path no. = 68, step = 6
1  0  3  0  0  0  0  0  
0  0  0  0  4  0  0  0  
0  2  0  0  0  0  0  0  
0  7  0  0  0  5  0  0  
0  0  0  6  0  0  0  0  
0  0  0  0  0  0  0  0  
0  0  0  0  0  0  0  0  
0  0  0  0  0  0  0  0  

path no. = 69, step = 6
1  0  3  0  0  0  0  0  
0  0  0  0  4  0  0  0  
0  2  0  6  0  0  0  0  
0  7  0  0  0  5  0  0  
0  0  0  0  0  0  0  0  
0  0  0  0  0  0  0  0  
0  0  0  0  0  0  0  0  
0  0  0  0  0  0  0  0  

path no. = 70, step = 6
1  0  3  0  0  0  0  0  
0  0  0  0  4  0  0  0  
0  2  0  0  0  0  0  0  
0  7  0  5  0  0  0  0  
0  0  0  0  0  0  0  0  
0  0  6  0  0  0  0  0  
0  0  0  0  0  0  0  0  
0  0  0  0  0  0  0  0  

path no. = 71, step = 6
1  0  3  0  0  0  0  0  
0  0  6  0  4  0  0  0  
0  2  0  0  0  0  0  0  
0  7  0  5  0  0  0  0  
0  0  0  0  0  0  0  0  
0  0  0  0  0  0  0  0  
0  0  0  0  0  0  0  0  
0  0  0  0  0  0  0  0  

path no. = 72, step = 6
1  0  3  0  0  0  0  0  
0  0  0  0  4  0  0  0  
0  2  5  0  0  0  0  0  
0  7  0  0  0  0  0  0  
0  0  0  6  0  0  0  0  
0  0  0  0  0  0  0  0  
0  0  0  0  0  0  0  0  
0  0  0  0  0  0  0  0  

path no. = 73, step = 6
1  0  3  0  0  0  0  0  
6  0  0  0  4  0  0  0  
0  2  5  0  0  0  0  0  
0  7  0  0  0  0  0  0  
0  0  0  0  0  0  0  0  
0  0  0  0  0  0  0  0  
0  0  0  0  0  0  0  0  
0  0  0  0  0  0  0  0  

path no. = 74, step = 6
1  0  3  0  5  0  0  0  
0  0  6  0  0  0  0  0  
0  2  0  4  0  0  0  0  
0  7  0  0  0  0  0  0  
0  0  0  0  0  0  0  0  
0  0  0  0  0  0  0  0  
0  0  0  0  0  0  0  0  
0  0  0  0  0  0  0  0  

path no. = 75, step = 6
1  0  3  0  0  0  0  0  
0  0  0  0  0  0  0  0  
0  2  0  4  0  0  0  0  
0  7  0  0  0  5  0  0  
0  0  0  6  0  0  0  0  
0  0  0  0  0  0  0  0  
0  0  0  0  0  0  0  0  
0  0  0  0  0  0  0  0  

path no. = 76, step = 6
1  0  3  0  0  0  0  0  
0  0  0  0  0  0  0  0  
0  2  0  4  0  0  0  0  
0  7  0  0  0  0  0  0  
0  0  0  0  5  0  0  0  
0  0  6  0  0  0  0  0  
0  0  0  0  0  0  0  0  
0  0  0  0  0  0  0  0  

path no. = 77, step = 6
1  0  3  0  0  0  0  0  
0  0  0  0  0  0  0  0  
0  2  0  4  0  0  0  0  
0  7  0  0  0  0  0  0  
0  0  5  0  0  0  0  0  
6  0  0  0  0  0  0  0  
0  0  0  0  0  0  0  0  
0  0  0  0  0  0  0  0  

path no. = 78, step = 4
1  0  3  0  0  0  0  0  
0  0  0  0  0  0  0  0  
0  2  0  4  0  0  0  0  
0  5  0  0  0  0  0  0  
0  0  0  0  0  0  0  0  
0  0  0  0  0  0  0  0  
0  0  0  0  0  0  0  0  
0  0  0  0  0  0  0  0  

path no. = 79, step = 6
1  0  3  0  0  0  0  0  
4  0  0  0  0  0  0  0  
0  2  5  0  0  0  0  0  
0  7  0  0  0  0  0  0  
0  0  0  6  0  0  0  0  
0  0  0  0  0  0  0  0  
0  0  0  0  0  0  0  0  
0  0  0  0  0  0  0  0  

path no. = 80, step = 4
1  0  3  0  0  0  0  0  
4  0  0  0  0  0  0  0  
0  2  0  0  0  0  0  0  
0  5  0  0  0  0  0  0  
0  0  0  0  0  0  0  0  
0  0  0  0  0  0  0  0  
0  0  0  0  0  0  0  0  
0  0  0  0  0  0  0  0  

path no. = 81, step = 6
1  0  0  0  0  4  0  0  
0  0  0  3  0  0  0  0  
0  2  0  0  5  0  0  0  
0  7  0  0  0  0  0  0  
0  0  0  6  0  0  0  0  
0  0  0  0  0  0  0  0  
0  0  0  0  0  0  0  0  
0  0  0  0  0  0  0  0  

path no. = 82, step = 6
1  0  0  0  0  4  0  0  
0  0  6  3  0  0  0  0  
0  2  0  0  5  0  0  0  
0  7  0  0  0  0  0  0  
0  0  0  0  0  0  0  0  
0  0  0  0  0  0  0  0  
0  0  0  0  0  0  0  0  
0  0  0  0  0  0  0  0  

path no. = 83, step = 6
1  0  0  0  0  0  0  0  
0  0  0  3  0  0  0  0  
0  2  0  0  0  4  0  0  
0  7  0  0  0  0  0  0  
0  0  0  0  5  0  0  0  
0  0  6  0  0  0  0  0  
0  0  0  0  0  0  0  0  
0  0  0  0  0  0  0  0  

path no. = 84, step = 6
1  0  0  0  0  0  0  0  
0  0  0  3  0  0  0  0  
0  2  0  6  0  4  0  0  
0  7  0  0  0  0  0  0  
0  0  0  0  5  0  0  0  
0  0  0  0  0  0  0  0  
0  0  0  0  0  0  0  0  
0  0  0  0  0  0  0  0  

path no. = 85, step = 6
1  0  0  0  0  0  0  0  
0  0  0  3  0  0  0  0  
0  2  0  0  0  4  0  0  
0  7  0  5  0  0  0  0  
0  0  0  0  0  0  0  0  
0  0  6  0  0  0  0  0  
0  0  0  0  0  0  0  0  
0  0  0  0  0  0  0  0  

path no. = 86, step = 6
1  0  0  0  0  0  0  0  
0  0  6  3  0  0  0  0  
0  2  0  0  0  4  0  0  
0  7  0  5  0  0  0  0  
0  0  0  0  0  0  0  0  
0  0  0  0  0  0  0  0  
0  0  0  0  0  0  0  0  
0  0  0  0  0  0  0  0  

path no. = 87, step = 6
1  0  0  0  5  0  0  0  
0  0  0  3  0  0  0  0  
0  2  0  6  0  4  0  0  
0  7  0  0  0  0  0  0  
0  0  0  0  0  0  0  0  
0  0  0  0  0  0  0  0  
0  0  0  0  0  0  0  0  
0  0  0  0  0  0  0  0  

path no. = 88, step = 6
1  0  0  0  5  0  0  0  
0  0  6  3  0  0  0  0  
0  2  0  0  0  4  0  0  
0  7  0  0  0  0  0  0  
0  0  0  0  0  0  0  0  
0  0  0  0  0  0  0  0  
0  0  0  0  0  0  0  0  
0  0  0  0  0  0  0  0  

path no. = 89, step = 6
1  0  0  0  0  0  0  0  
0  0  0  3  0  5  0  0  
0  2  0  6  0  0  0  0  
0  7  0  0  4  0  0  0  
0  0  0  0  0  0  0  0  
0  0  0  0  0  0  0  0  
0  0  0  0  0  0  0  0  
0  0  0  0  0  0  0  0  

path no. = 90, step = 6
1  0  0  0  0  0  0  0  
0  0  0  3  0  0  0  0  
0  2  0  0  0  0  0  0  
0  7  0  0  4  0  0  0  
0  0  0  6  0  0  0  0  
0  0  0  0  0  5  0  0  
0  0  0  0  0  0  0  0  
0  0  0  0  0  0  0  0  

path no. = 91, step = 6
1  0  0  0  0  0  0  0  
0  0  0  3  0  0  0  0  
0  2  0  6  0  0  0  0  
0  7  0  0  4  0  0  0  
0  0  5  0  0  0  0  0  
0  0  0  0  0  0  0  0  
0  0  0  0  0  0  0  0  
0  0  0  0  0  0  0  0  

path no. = 92, step = 6
1  0  0  0  0  0  0  0  
0  0  0  3  0  0  0  0  
0  2  0  0  0  0  0  0  
0  7  0  0  4  0  0  0  
0  0  5  0  0  0  0  0  
6  0  0  0  0  0  0  0  
0  0  0  0  0  0  0  0  
0  0  0  0  0  0  0  0  

path no. = 93, step = 6
1  0  0  0  0  0  0  0  
0  0  0  3  0  0  0  0  
0  2  5  0  0  0  0  0  
0  7  0  0  4  0  0  0  
0  0  0  6  0  0  0  0  
0  0  0  0  0  0  0  0  
0  0  0  0  0  0  0  0  
0  0  0  0  0  0  0  0  

path no. = 94, step = 6
1  0  0  0  0  0  0  0  
6  0  0  3  0  0  0  0  
0  2  5  0  0  0  0  0  
0  7  0  0  4  0  0  0  
0  0  0  0  0  0  0  0  
0  0  0  0  0  0  0  0  
0  0  0  0  0  0  0  0  
0  0  0  0  0  0  0  0  

path no. = 95, step = 6
1  0  0  0  0  0  0  0  
0  0  0  3  0  0  0  0  
0  2  0  0  5  0  0  0  
0  7  4  0  0  0  0  0  
0  0  0  6  0  0  0  0  
0  0  0  0  0  0  0  0  
0  0  0  0  0  0  0  0  
0  0  0  0  0  0  0  0  

path no. = 96, step = 6
1  0  0  0  0  0  0  0  
0  0  6  3  0  0  0  0  
0  2  0  0  5  0  0  0  
0  7  4  0  0  0  0  0  
0  0  0  0  0  0  0  0  
0  0  0  0  0  0  0  0  
0  0  0  0  0  0  0  0  
0  0  0  0  0  0  0  0  

path no. = 97, step = 6
1  0  0  0  0  0  0  0  
0  0  0  3  0  0  0  0  
0  2  0  0  0  0  0  0  
0  7  4  0  0  0  0  0  
0  0  0  0  5  0  0  0  
0  0  6  0  0  0  0  0  
0  0  0  0  0  0  0  0  
0  0  0  0  0  0  0  0  

path no. = 98, step = 6
1  0  0  0  0  0  0  0  
0  0  0  3  0  0  0  0  
0  2  0  6  0  0  0  0  
0  7  4  0  0  0  0  0  
0  0  0  0  5  0  0  0  
0  0  0  0  0  0  0  0  
0  0  0  0  0  0  0  0  
0  0  0  0  0  0  0  0  

path no. = 99, step = 6
1  0  0  0  0  0  0  0  
0  0  0  3  0  0  0  0  
0  2  0  0  0  0  0  0  
0  7  4  0  0  0  0  0  
0  0  0  6  0  0  0  0  
0  5  0  0  0  0  0  0  
0  0  0  0  0  0  0  0  
0  0  0  0  0  0  0  0  

path no. = 100, step = 6
1  0  0  0  0  0  0  0  
0  0  0  3  0  0  0  0  
0  2  0  0  0  0  0  0  
0  7  4  0  0  0  0  0  
5  0  0  0  0  0  0  0  
0  0  6  0  0  0  0  0  
0  0  0  0  0  0  0  0  
0  0  0  0  0  0  0  0  

path no. = 101, step = 6
1  0  0  0  0  0  0  0  
0  0  6  3  0  0  0  0  
5  2  0  0  0  0  0  0  
0  7  4  0  0  0  0  0  
0  0  0  0  0  0  0  0  
0  0  0  0  0  0  0  0  
0  0  0  0  0  0  0  0  
0  0  0  0  0  0  0  0  

path no. = 102, step = 6
1  0  0  0  0  0  0  0  
0  5  0  3  0  0  0  0  
0  2  0  6  0  0  0  0  
0  7  4  0  0  0  0  0  
0  0  0  0  0  0  0  0  
0  0  0  0  0  0  0  0  
0  0  0  0  0  0  0  0  
0  0  0  0  0  0  0  0  

path no. = 103, step = 6
1  4  0  0  0  0  0  0  
0  0  0  3  0  0  0  0  
0  2  5  0  0  0  0  0  
0  7  0  0  0  0  0  0  
0  0  0  6  0  0  0  0  
0  0  0  0  0  0  0  0  
0  0  0  0  0  0  0  0  
0  0  0  0  0  0  0  0  

path no. = 104, step = 6
1  4  0  0  0  0  0  0  
6  0  0  3  0  0  0  0  
0  2  5  0  0  0  0  0  
0  7  0  0  0  0  0  0  
0  0  0  0  0  0  0  0  
0  0  0  0  0  0  0  0  
0  0  0  0  0  0  0  0  
0  0  0  0  0  0  0  0  

path no. = 105, step = 6
1  4  0  0  0  0  0  0  
0  0  6  3  0  0  0  0  
5  2  0  0  0  0  0  0  
0  7  0  0  0  0  0  0  
0  0  0  0  0  0  0  0  
0  0  0  0  0  0  0  0  
0  0  0  0  0  0  0  0  
0  0  0  0  0  0  0  0  

path no. = 106, step = 6
1  0  0  0  0  0  0  0  
0  0  0  0  4  0  0  0  
0  2  0  0  0  0  0  0  
0  7  0  3  0  5  0  0  
0  0  0  6  0  0  0  0  
0  0  0  0  0  0  0  0  
0  0  0  0  0  0  0  0  
0  0  0  0  0  0  0  0  

path no. = 107, step = 6
1  0  0  0  0  0  0  0  
0  0  0  0  4  0  0  0  
0  2  0  6  0  0  0  0  
0  7  0  3  0  5  0  0  
0  0  0  0  0  0  0  0  
0  0  0  0  0  0  0  0  
0  0  0  0  0  0  0  0  
0  0  0  0  0  0  0  0  

path no. = 108, step = 6
1  0  0  0  0  0  0  0  
0  0  0  0  4  0  0  0  
0  2  5  0  0  0  0  0  
0  7  0  3  0  0  0  0  
0  0  0  6  0  0  0  0  
0  0  0  0  0  0  0  0  
0  0  0  0  0  0  0  0  
0  0  0  0  0  0  0  0  

path no. = 109, step = 6
1  0  0  0  0  0  0  0  
6  0  0  0  4  0  0  0  
0  2  5  0  0  0  0  0  
0  7  0  3  0  0  0  0  
0  0  0  0  0  0  0  0  
0  0  0  0  0  0  0  0  
0  0  0  0  0  0  0  0  
0  0  0  0  0  0  0  0  

path no. = 110, step = 6
1  0  5  0  0  0  0  0  
0  0  0  0  4  0  0  0  
0  2  0  6  0  0  0  0  
0  7  0  3  0  0  0  0  
0  0  0  0  0  0  0  0  
0  0  0  0  0  0  0  0  
0  0  0  0  0  0  0  0  
0  0  0  0  0  0  0  0  

path no. = 111, step = 6
1  0  5  0  0  0  0  0  
6  0  0  0  4  0  0  0  
0  2  0  0  0  0  0  0  
0  7  0  3  0  0  0  0  
0  0  0  0  0  0  0  0  
0  0  0  0  0  0  0  0  
0  0  0  0  0  0  0  0  
0  0  0  0  0  0  0  0  

path no. = 112, step = 6
1  0  0  0  0  0  0  0  
0  0  0  0  0  0  0  0  
0  2  0  0  0  4  0  0  
0  7  0  3  0  0  0  0  
0  0  0  0  5  0  0  0  
0  0  6  0  0  0  0  0  
0  0  0  0  0  0  0  0  
0  0  0  0  0  0  0  0  

path no. = 113, step = 6
1  0  0  0  0  0  0  0  
0  0  0  0  0  0  0  0  
0  2  0  6  0  4  0  0  
0  7  0  3  0  0  0  0  
0  0  0  0  5  0  0  0  
0  0  0  0  0  0  0  0  
0  0  0  0  0  0  0  0  
0  0  0  0  0  0  0  0  

path no. = 114, step = 6
1  0  0  0  5  0  0  0  
0  0  0  0  0  0  0  0  
0  2  0  6  0  4  0  0  
0  7  0  3  0  0  0  0  
0  0  0  0  0  0  0  0  
0  0  0  0  0  0  0  0  
0  0  0  0  0  0  0  0  
0  0  0  0  0  0  0  0  

path no. = 115, step = 6
1  0  0  0  5  0  0  0  
0  0  6  0  0  0  0  0  
0  2  0  0  0  4  0  0  
0  7  0  3  0  0  0  0  
0  0  0  0  0  0  0  0  
0  0  0  0  0  0  0  0  
0  0  0  0  0  0  0  0  
0  0  0  0  0  0  0  0  

path no. = 116, step = 6
1  0  0  0  0  0  0  0  
0  0  0  0  0  0  0  0  
0  2  0  0  0  0  0  0  
0  7  0  3  0  0  0  0  
0  0  0  0  0  4  0  0  
0  0  6  0  0  0  0  0  
0  0  0  0  5  0  0  0  
0  0  0  0  0  0  0  0  

path no. = 117, step = 6
1  0  0  0  0  0  0  0  
0  0  0  0  0  0  0  0  
0  2  0  0  0  0  0  0  
0  7  0  3  0  0  0  0  
0  0  0  6  0  4  0  0  
0  0  0  0  0  0  0  0  
0  0  0  0  5  0  0  0  
0  0  0  0  0  0  0  0  

path no. = 118, step = 6
1  0  0  0  0  0  0  0  
0  0  0  0  0  0  0  0  
0  2  0  0  5  0  0  0  
0  7  0  3  0  0  0  0  
0  0  0  6  0  4  0  0  
0  0  0  0  0  0  0  0  
0  0  0  0  0  0  0  0  
0  0  0  0  0  0  0  0  

path no. = 119, step = 6
1  0  0  0  0  0  0  0  
0  0  6  0  0  0  0  0  
0  2  0  0  5  0  0  0  
0  7  0  3  0  0  0  0  
0  0  0  0  0  4  0  0  
0  0  0  0  0  0  0  0  
0  0  0  0  0  0  0  0  
0  0  0  0  0  0  0  0  

path no. = 120, step = 6
1  0  0  0  0  0  0  0  
0  0  0  0  0  0  0  0  
0  2  0  0  0  0  0  0  
0  7  0  3  0  5  0  0  
0  0  0  6  0  0  0  0  
0  0  0  0  4  0  0  0  
0  0  0  0  0  0  0  0  
0  0  0  0  0  0  0  0  

path no. = 121, step = 6
1  0  0  0  0  0  0  0  
0  0  0  0  0  0  0  0  
0  2  0  6  0  0  0  0  
0  7  0  3  0  5  0  0  
0  0  0  0  0  0  0  0  
0  0  0  0  4  0  0  0  
0  0  0  0  0  0  0  0  
0  0  0  0  0  0  0  0  

path no. = 122, step = 6
1  0  0  0  0  0  0  0  
0  0  0  0  0  0  0  0  
0  2  0  0  0  0  0  0  
0  7  0  3  0  0  0  0  
0  0  0  0  0  0  0  0  
0  0  6  0  4  0  0  0  
0  0  0  0  0  0  0  0  
0  0  0  5  0  0  0  0  

path no. = 123, step = 6
1  0  0  0  0  0  0  0  
0  0  0  0  0  0  0  0  
0  2  0  0  0  0  0  0  
0  7  0  3  0  0  0  0  
0  0  0  6  0  0  0  0  
0  0  0  0  4  0  0  0  
0  0  5  0  0  0  0  0  
0  0  0  0  0  0  0  0  

path no. = 124, step = 6
1  0  0  0  0  0  0  0  
0  0  0  0  0  0  0  0  
0  2  0  0  0  0  0  0  
0  7  0  3  0  0  0  0  
0  0  0  0  0  0  0  0  
6  0  0  0  4  0  0  0  
0  0  5  0  0  0  0  0  
0  0  0  0  0  0  0  0  

path no. = 125, step = 6
1  0  0  0  0  0  0  0  
0  0  0  0  0  0  0  0  
0  2  0  6  0  0  0  0  
0  7  0  3  0  0  0  0  
0  0  5  0  0  0  0  0  
0  0  0  0  4  0  0  0  
0  0  0  0  0  0  0  0  
0  0  0  0  0  0  0  0  

path no. = 126, step = 6
1  0  0  0  0  0  0  0  
0  0  0  0  0  0  0  0  
0  2  0  0  0  0  0  0  
0  7  0  3  0  0  0  0  
0  0  5  0  0  0  0  0  
6  0  0  0  4  0  0  0  
0  0  0  0  0  0  0  0  
0  0  0  0  0  0  0  0  

path no. = 127, step = 6
1  0  0  0  0  0  0  0  
0  0  0  0  0  0  0  0  
0  2  0  6  0  0  0  0  
0  7  0  3  0  0  0  0  
0  0  0  0  5  0  0  0  
0  0  4  0  0  0  0  0  
0  0  0  0  0  0  0  0  
0  0  0  0  0  0  0  0  

path no. = 128, step = 6
1  0  0  0  0  0  0  0  
0  0  0  0  0  0  0  0  
0  2  0  0  0  0  0  0  
0  7  0  3  0  0  0  0  
0  0  0  6  0  0  0  0  
0  0  4  0  0  0  0  0  
0  0  0  0  5  0  0  0  
0  0  0  0  0  0  0  0  

path no. = 129, step = 6
1  0  0  0  0  0  0  0  
0  0  0  0  0  0  0  0  
0  2  0  0  0  0  0  0  
0  7  0  3  0  0  0  0  
0  0  0  0  0  0  0  0  
6  0  4  0  0  0  0  0  
0  0  0  0  0  0  0  0  
0  5  0  0  0  0  0  0  

path no. = 130, step = 4
1  0  0  0  0  0  0  0  
0  0  0  0  0  0  0  0  
0  2  0  0  0  0  0  0  
0  5  0  3  0  0  0  0  
0  0  0  0  0  0  0  0  
0  0  4  0  0  0  0  0  
0  0  0  0  0  0  0  0  
0  0  0  0  0  0  0  0  

path no. = 131, step = 6
1  0  0  0  0  0  0  0  
0  0  0  0  0  0  0  0  
0  2  5  0  0  0  0  0  
0  7  0  3  0  0  0  0  
0  4  0  6  0  0  0  0  
0  0  0  0  0  0  0  0  
0  0  0  0  0  0  0  0  
0  0  0  0  0  0  0  0  

path no. = 132, step = 6
1  0  0  0  0  0  0  0  
6  0  0  0  0  0  0  0  
0  2  5  0  0  0  0  0  
0  7  0  3  0  0  0  0  
0  4  0  0  0  0  0  0  
0  0  0  0  0  0  0  0  
0  0  0  0  0  0  0  0  
0  0  0  0  0  0  0  0  

path no. = 133, step = 6
1  0  0  0  0  0  0  0  
0  0  0  0  0  0  0  0  
0  2  0  0  0  0  0  0  
0  7  0  3  0  0  0  0  
0  4  0  6  0  0  0  0  
0  0  0  0  0  0  0  0  
0  0  5  0  0  0  0  0  
0  0  0  0  0  0  0  0  

path no. = 134, step = 6
1  0  0  0  0  0  0  0  
0  0  0  0  0  0  0  0  
0  2  0  0  0  0  0  0  
0  7  0  3  0  0  0  0  
0  4  0  0  0  0  0  0  
6  0  0  0  0  0  0  0  
0  0  5  0  0  0  0  0  
0  0  0  0  0  0  0  0  

path no. = 135, step = 6
1  0  0  0  0  0  0  0  
0  0  0  0  0  0  0  0  
0  2  0  0  0  0  0  0  
0  7  0  3  0  0  0  0  
0  4  0  0  0  0  0  0  
0  0  6  0  0  0  0  0  
5  0  0  0  0  0  0  0  
0  0  0  0  0  0  0  0  

path no. = 136, step = 6
1  0  0  0  0  0  0  0  
0  0  6  0  0  0  0  0  
5  2  0  0  0  0  0  0  
0  7  0  3  0  0  0  0  
0  4  0  0  0  0  0  0  
0  0  0  0  0  0  0  0  
0  0  0  0  0  0  0  0  
0  0  0  0  0  0  0  0  

path no. = 137, step = 6
1  0  0  0  5  0  0  0  
0  0  4  0  0  0  0  0  
0  2  0  6  0  0  0  0  
0  7  0  3  0  0  0  0  
0  0  0  0  0  0  0  0  
0  0  0  0  0  0  0  0  
0  0  0  0  0  0  0  0  
0  0  0  0  0  0  0  0  

path no. = 138, step = 6
1  0  0  0  0  0  0  0  
0  0  4  0  0  0  0  0  
0  2  0  0  5  0  0  0  
0  7  0  3  0  0  0  0  
0  0  0  6  0  0  0  0  
0  0  0  0  0  0  0  0  
0  0  0  0  0  0  0  0  
0  0  0  0  0  0  0  0  

path no. = 139, step = 4
1  0  0  0  0  0  0  0  
0  0  4  0  0  0  0  0  
0  2  0  0  0  0  0  0  
0  5  0  3  0  0  0  0  
0  0  0  0  0  0  0  0  
0  0  0  0  0  0  0  0  
0  0  0  0  0  0  0  0  
0  0  0  0  0  0  0  0  

path no. = 140, step = 6
1  0  0  0  5  0  0  0  
0  0  6  0  0  0  0  0  
0  2  0  4  0  0  0  0  
0  7  0  0  0  0  0  0  
0  0  3  0  0  0  0  0  
0  0  0  0  0  0  0  0  
0  0  0  0  0  0  0  0  
0  0  0  0  0  0  0  0  

path no. = 141, step = 6
1  0  0  0  0  0  0  0  
0  0  0  0  0  0  0  0  
0  2  0  4  0  0  0  0  
0  7  0  0  0  5  0  0  
0  0  3  6  0  0  0  0  
0  0  0  0  0  0  0  0  
0  0  0  0  0  0  0  0  
0  0  0  0  0  0  0  0  

path no. = 142, step = 6
1  0  0  0  0  0  0  0  
0  0  0  0  0  0  0  0  
0  2  0  4  0  0  0  0  
0  7  0  0  0  0  0  0  
0  0  3  0  5  0  0  0  
0  0  6  0  0  0  0  0  
0  0  0  0  0  0  0  0  
0  0  0  0  0  0  0  0  

path no. = 143, step = 4
1  0  0  0  0  0  0  0  
0  0  0  0  0  0  0  0  
0  2  0  4  0  0  0  0  
0  5  0  0  0  0  0  0  
0  0  3  0  0  0  0  0  
0  0  0  0  0  0  0  0  
0  0  0  0  0  0  0  0  
0  0  0  0  0  0  0  0  

path no. = 144, step = 6
1  0  0  0  0  0  0  0  
0  0  0  0  0  5  0  0  
0  2  0  6  0  0  0  0  
0  7  0  0  4  0  0  0  
0  0  3  0  0  0  0  0  
0  0  0  0  0  0  0  0  
0  0  0  0  0  0  0  0  
0  0  0  0  0  0  0  0  

path no. = 145, step = 6
1  0  0  0  0  0  0  0  
0  0  0  0  0  0  0  0  
0  2  0  0  0  0  0  0  
0  7  0  0  4  0  0  0  
0  0  3  6  0  0  0  0  
0  0  0  0  0  5  0  0  
0  0  0  0  0  0  0  0  
0  0  0  0  0  0  0  0  

path no. = 146, step = 6
1  0  0  0  0  0  0  0  
0  0  0  0  0  0  0  0  
0  2  5  0  0  0  0  0  
0  7  0  0  4  0  0  0  
0  0  3  6  0  0  0  0  
0  0  0  0  0  0  0  0  
0  0  0  0  0  0  0  0  
0  0  0  0  0  0  0  0  

path no. = 147, step = 6
1  0  0  0  0  0  0  0  
6  0  0  0  0  0  0  0  
0  2  5  0  0  0  0  0  
0  7  0  0  4  0  0  0  
0  0  3  0  0  0  0  0  
0  0  0  0  0  0  0  0  
0  0  0  0  0  0  0  0  
0  0  0  0  0  0  0  0  

path no. = 148, step = 6
1  0  0  0  0  0  0  0  
0  0  0  0  0  0  0  0  
0  2  0  0  0  0  0  0  
0  7  0  0  0  5  0  0  
0  0  3  6  0  0  0  0  
0  0  0  0  4  0  0  0  
0  0  0  0  0  0  0  0  
0  0  0  0  0  0  0  0  

path no. = 149, step = 6
1  0  0  0  0  0  0  0  
0  0  0  0  0  0  0  0  
0  2  0  6  0  0  0  0  
0  7  0  0  0  5  0  0  
0  0  3  0  0  0  0  0  
0  0  0  0  4  0  0  0  
0  0  0  0  0  0  0  0  
0  0  0  0  0  0  0  0  

path no. = 150, step = 6
1  0  0  0  0  0  0  0  
0  0  0  0  0  0  0  0  
0  2  0  0  0  0  0  0  
0  7  0  0  0  0  0  0  
0  0  3  0  0  0  0  0  
0  0  6  0  4  0  0  0  
0  0  0  0  0  0  0  0  
0  0  0  5  0  0  0  0  

path no. = 151, step = 6
1  0  0  0  0  0  0  0  
0  0  0  0  0  0  0  0  
0  2  0  0  0  0  0  0  
0  7  0  0  0  0  0  0  
0  0  3  6  0  0  0  0  
0  0  0  0  4  0  0  0  
0  0  5  0  0  0  0  0  
0  0  0  0  0  0  0  0  

path no. = 152, step = 6
1  0  0  0  0  0  0  0  
0  0  0  0  0  0  0  0  
0  2  0  0  0  0  0  0  
0  7  0  0  0  0  0  0  
0  0  3  0  0  0  0  0  
6  0  0  0  4  0  0  0  
0  0  5  0  0  0  0  0  
0  0  0  0  0  0  0  0  

path no. = 153, step = 6
1  0  0  0  0  0  0  0  
0  0  0  0  0  0  0  0  
0  2  0  0  0  0  0  0  
0  7  0  5  0  0  0  0  
0  0  3  0  0  0  0  0  
0  0  6  0  4  0  0  0  
0  0  0  0  0  0  0  0  
0  0  0  0  0  0  0  0  

path no. = 154, step = 6
1  0  0  0  0  0  0  0  
0  0  6  0  0  0  0  0  
0  2  0  0  0  0  0  0  
0  7  0  5  0  0  0  0  
0  0  3  0  0  0  0  0  
0  0  0  0  4  0  0  0  
0  0  0  0  0  0  0  0  
0  0  0  0  0  0  0  0  

path no. = 155, step = 6
1  0  0  0  0  0  0  0  
0  0  0  0  0  0  0  0  
0  2  0  0  0  0  0  0  
0  7  0  0  0  0  0  0  
0  0  3  0  5  0  0  0  
0  0  6  0  0  0  0  0  
0  0  0  4  0  0  0  0  
0  0  0  0  0  0  0  0  

path no. = 156, step = 6
1  0  0  0  0  0  0  0  
0  0  0  0  0  0  0  0  
0  2  0  6  0  0  0  0  
0  7  0  0  0  0  0  0  
0  0  3  0  5  0  0  0  
0  0  0  0  0  0  0  0  
0  0  0  4  0  0  0  0  
0  0  0  0  0  0  0  0  

path no. = 157, step = 6
1  0  0  0  0  0  0  0  
0  0  0  0  0  0  0  0  
0  2  0  0  0  0  0  0  
0  7  0  0  0  0  0  0  
0  0  3  6  0  0  0  0  
0  0  0  0  0  5  0  0  
0  0  0  4  0  0  0  0  
0  0  0  0  0  0  0  0  

path no. = 158, step = 6
1  0  0  0  0  0  0  0  
0  0  0  0  0  0  0  0  
0  2  0  0  0  0  0  0  
0  7  0  0  0  0  0  0  
0  0  3  0  0  0  0  0  
0  0  6  0  0  0  0  0  
0  0  0  4  0  0  0  0  
0  5  0  0  0  0  0  0  

path no. = 159, step = 6
1  0  0  0  0  0  0  0  
0  0  0  0  0  0  0  0  
0  2  0  0  0  0  0  0  
0  7  0  0  0  0  0  0  
0  0  3  0  0  0  0  0  
6  0  0  0  0  0  0  0  
0  0  0  4  0  0  0  0  
0  5  0  0  0  0  0  0  

path no. = 160, step = 6
1  0  0  0  0  0  0  0  
0  0  0  0  0  0  0  0  
0  2  0  0  0  0  0  0  
0  7  0  0  0  0  0  0  
0  0  3  6  0  0  0  0  
0  5  0  0  0  0  0  0  
0  0  0  4  0  0  0  0  
0  0  0  0  0  0  0  0  

path no. = 161, step = 6
1  0  0  0  0  0  0  0  
0  0  0  0  0  0  0  0  
0  2  0  0  0  0  0  0  
0  7  0  0  0  0  0  0  
0  0  3  0  0  0  0  0  
0  0  6  0  0  0  0  0  
0  4  0  0  0  0  0  0  
0  0  0  5  0  0  0  0  

path no. = 162, step = 6
1  0  0  0  0  0  0  0  
0  0  0  0  0  0  0  0  
0  2  0  0  0  0  0  0  
0  7  0  0  0  0  0  0  
5  0  3  0  0  0  0  0  
0  0  6  0  0  0  0  0  
0  4  0  0  0  0  0  0  
0  0  0  0  0  0  0  0  

path no. = 163, step = 4
1  0  0  0  0  0  0  0  
0  0  0  0  0  0  0  0  
0  2  0  0  0  0  0  0  
0  5  0  0  0  0  0  0  
0  0  3  0  0  0  0  0  
4  0  0  0  0  0  0  0  
0  0  0  0  0  0  0  0  
0  0  0  0  0  0  0  0  

path no. = 164, step = 6
1  0  0  0  0  0  0  0  
0  5  0  0  0  0  0  0  
0  2  0  6  0  0  0  0  
4  7  0  0  0  0  0  0  
0  0  3  0  0  0  0  0  
0  0  0  0  0  0  0  0  
0  0  0  0  0  0  0  0  
0  0  0  0  0  0  0  0  

path no. = 165, step = 6
1  0  0  0  0  0  0  0  
0  0  0  0  0  0  0  0  
0  2  5  0  0  0  0  0  
4  7  0  0  0  0  0  0  
0  0  3  6  0  0  0  0  
0  0  0  0  0  0  0  0  
0  0  0  0  0  0  0  0  
0  0  0  0  0  0  0  0  

path no. = 166, step = 6
1  0  0  0  0  0  0  0  
6  0  0  0  0  0  0  0  
0  2  5  0  0  0  0  0  
4  7  0  0  0  0  0  0  
0  0  3  0  0  0  0  0  
0  0  0  0  0  0  0  0  
0  0  0  0  0  0  0  0  
0  0  0  0  0  0  0  0  

path no. = 167, step = 6
1  0  0  0  0  0  0  0  
0  0  0  0  0  0  0  0  
0  2  0  0  0  0  0  0  
4  7  0  0  0  0  0  0  
0  0  3  6  0  0  0  0  
0  5  0  0  0  0  0  0  
0  0  0  0  0  0  0  0  
0  0  0  0  0  0  0  0  

path no. = 168, step = 6
1  0  0  0  0  0  0  0  
0  0  0  0  0  0  0  0  
0  2  0  0  5  0  0  0  
0  7  4  0  0  0  0  0  
3  0  0  6  0  0  0  0  
0  0  0  0  0  0  0  0  
0  0  0  0  0  0  0  0  
0  0  0  0  0  0  0  0  

path no. = 169, step = 6
1  0  0  0  0  0  0  0  
0  0  6  0  0  0  0  0  
0  2  0  0  5  0  0  0  
0  7  4  0  0  0  0  0  
3  0  0  0  0  0  0  0  
0  0  0  0  0  0  0  0  
0  0  0  0  0  0  0  0  
0  0  0  0  0  0  0  0  

path no. = 170, step = 6
1  0  0  0  0  0  0  0  
0  0  0  0  0  0  0  0  
0  2  0  0  0  0  0  0  
0  7  4  0  0  0  0  0  
3  0  0  0  5  0  0  0  
0  0  6  0  0  0  0  0  
0  0  0  0  0  0  0  0  
0  0  0  0  0  0  0  0  

path no. = 171, step = 6
1  0  0  0  0  0  0  0  
0  0  0  0  0  0  0  0  
0  2  0  6  0  0  0  0  
0  7  4  0  0  0  0  0  
3  0  0  0  5  0  0  0  
0  0  0  0  0  0  0  0  
0  0  0  0  0  0  0  0  
0  0  0  0  0  0  0  0  

path no. = 172, step = 6
1  0  0  0  0  0  0  0  
0  0  0  0  0  0  0  0  
0  2  0  0  0  0  0  0  
0  7  4  0  0  0  0  0  
3  0  0  6  0  0  0  0  
0  5  0  0  0  0  0  0  
0  0  0  0  0  0  0  0  
0  0  0  0  0  0  0  0  

path no. = 173, step = 6
1  0  0  0  0  0  0  0  
0  0  6  0  0  0  0  0  
5  2  0  0  0  0  0  0  
0  7  4  0  0  0  0  0  
3  0  0  0  0  0  0  0  
0  0  0  0  0  0  0  0  
0  0  0  0  0  0  0  0  
0  0  0  0  0  0  0  0  

path no. = 174, step = 6
1  0  0  0  0  0  0  0  
0  5  0  0  0  0  0  0  
0  2  0  6  0  0  0  0  
0  7  4  0  0  0  0  0  
3  0  0  0  0  0  0  0  
0  0  0  0  0  0  0  0  
0  0  0  0  0  0  0  0  
0  0  0  0  0  0  0  0  

path no. = 175, step = 6
1  0  0  0  0  0  0  0  
0  0  6  0  0  0  0  0  
0  2  0  0  0  0  0  0  
0  7  0  5  0  0  0  0  
3  0  0  0  0  0  0  0  
0  0  4  0  0  0  0  0  
0  0  0  0  0  0  0  0  
0  0  0  0  0  0  0  0  

path no. = 176, step = 6
1  0  0  0  0  0  0  0  
0  0  0  0  0  0  0  0  
0  2  0  6  0  0  0  0  
0  7  0  0  0  0  0  0  
3  0  0  0  5  0  0  0  
0  0  4  0  0  0  0  0  
0  0  0  0  0  0  0  0  
0  0  0  0  0  0  0  0  

path no. = 177, step = 6
1  0  0  0  0  0  0  0  
0  0  0  0  0  0  0  0  
0  2  0  0  0  0  0  0  
0  7  0  0  0  0  0  0  
3  0  0  6  0  0  0  0  
0  0  4  0  0  0  0  0  
0  0  0  0  5  0  0  0  
0  0  0  0  0  0  0  0  

path no. = 178, step = 6
1  0  0  0  0  0  0  0  
0  0  0  0  0  0  0  0  
0  2  0  0  0  0  0  0  
0  7  0  0  0  0  0  0  
3  0  0  0  0  0  0  0  
6  0  4  0  0  0  0  0  
0  0  0  0  0  0  0  0  
0  5  0  0  0  0  0  0  

path no. = 179, step = 4
1  0  0  0  0  0  0  0  
0  0  0  0  0  0  0  0  
0  2  0  0  0  0  0  0  
0  5  0  0  0  0  0  0  
3  0  0  0  0  0  0  0  
0  0  4  0  0  0  0  0  
0  0  0  0  0  0  0  0  
0  0  0  0  0  0  0  0  

path no. = 180, step = 6
1  0  0  0  0  0  0  0  
0  0  0  0  0  0  0  0  
0  2  0  6  0  0  0  0  
0  7  0  0  0  0  0  0  
3  0  5  0  0  0  0  0  
0  0  0  0  0  0  0  0  
0  4  0  0  0  0  0  0  
0  0  0  0  0  0  0  0  

path no. = 181, step = 6
1  0  0  0  0  0  0  0  
0  0  0  0  0  0  0  0  
0  2  0  0  0  0  0  0  
0  7  0  0  0  0  0  0  
3  0  5  0  0  0  0  0  
6  0  0  0  0  0  0  0  
0  4  0  0  0  0  0  0  
0  0  0  0  0  0  0  0  

path no. = 182, step = 6
1  0  0  0  0  0  0  0  
0  0  0  0  0  0  0  0  
0  2  0  0  0  0  0  0  
0  7  0  0  0  0  0  0  
3  0  0  0  0  0  0  0  
0  0  6  0  0  0  0  0  
0  4  0  0  0  0  0  0  
0  0  0  5  0  0  0  0  

