(1,1) to (2,2)
	min step = 4
	min path number = 10

path no. = 10, step = 4
1  0  0  0  3  0  0  0  
0  5  2  0  0  0  0  0  
0  0  0  4  0  0  0  0  
0  0  0  0  0  0  0  0  
0  0  0  0  0  0  0  0  
0  0  0  0  0  0  0  0  
0  0  0  0  0  0  0  0  
0  0  0  0  0  0  0  0  

path no. = 11, step = 4
1  0  0  0  0  0  0  0  
0  5  2  0  0  0  0  0  
0  0  0  0  3  0  0  0  
0  0  4  0  0  0  0  0  
0  0  0  0  0  0  0  0  
0  0  0  0  0  0  0  0  
0  0  0  0  0  0  0  0  
0  0  0  0  0  0  0  0  

path no. = 12, step = 4
1  0  0  4  0  0  0  0  
0  5  2  0  0  0  0  0  
0  0  0  0  3  0  0  0  
0  0  0  0  0  0  0  0  
0  0  0  0  0  0  0  0  
0  0  0  0  0  0  0  0  
0  0  0  0  0  0  0  0  
0  0  0  0  0  0  0  0  

path no. = 13, step = 4
1  0  0  0  0  0  0  0  
0  5  2  0  0  0  0  0  
0  0  0  4  0  0  0  0  
0  3  0  0  0  0  0  0  
0  0  0  0  0  0  0  0  
0  0  0  0  0  0  0  0  
0  0  0  0  0  0  0  0  
0  0  0  0  0  0  0  0  

path no. = 14, step = 4
1  0  0  0  0  0  0  0  
0  5  2  0  0  0  0  0  
3  0  0  0  0  0  0  0  
0  0  4  0  0  0  0  0  
0  0  0  0  0  0  0  0  
0  0  0  0  0  0  0  0  
0  0  0  0  0  0  0  0  
0  0  0  0  0  0  0  0  

path no. = 15, step = 4
1  0  3  0  0  0  0  0  
0  5  0  0  0  0  0  0  
0  2  0  4  0  0  0  0  
0  0  0  0  0  0  0  0  
0  0  0  0  0  0  0  0  
0  0  0  0  0  0  0  0  
0  0  0  0  0  0  0  0  
0  0  0  0  0  0  0  0  

path no. = 16, step = 4
1  0  0  0  0  0  0  0  
0  5  0  3  0  0  0  0  
0  2  0  0  0  0  0  0  
0  0  4  0  0  0  0  0  
0  0  0  0  0  0  0  0  
0  0  0  0  0  0  0  0  
0  0  0  0  0  0  0  0  
0  0  0  0  0  0  0  0  

path no. = 17, step = 4
1  0  0  0  0  0  0  0  
0  5  0  0  0  0  0  0  
0  2  0  4  0  0  0  0  
0  0  0  0  0  0  0  0  
0  0  3  0  0  0  0  0  
0  0  0  0  0  0  0  0  
0  0  0  0  0  0  0  0  
0  0  0  0  0  0  0  0  

path no. = 18, step = 4
1  0  0  0  0  0  0  0  
0  5  0  0  0  0  0  0  
0  2  0  0  0  0  0  0  
4  0  0  0  0  0  0  0  
0  0  3  0  0  0  0  0  
0  0  0  0  0  0  0  0  
0  0  0  0  0  0  0  0  
0  0  0  0  0  0  0  0  

path no. = 19, step = 4
1  0  0  0  0  0  0  0  
0  5  0  0  0  0  0  0  
0  2  0  0  0  0  0  0  
0  0  4  0  0  0  0  0  
3  0  0  0  0  0  0  0  
0  0  0  0  0  0  0  0  
0  0  0  0  0  0  0  0  
0  0  0  0  0  0  0  0  

