(1,1) to (6,2)
	min step = 4
	min path number = 8

path no. = 28, step = 4
1  0  0  0  0  0  0  0  
0  0  2  0  0  0  0  0  
0  0  0  0  3  0  0  0  
0  0  0  0  0  0  0  0  
0  0  0  4  0  0  0  0  
0  5  0  0  0  0  0  0  
0  0  0  0  0  0  0  0  
0  0  0  0  0  0  0  0  

path no. = 29, step = 4
1  0  0  0  0  0  0  0  
0  0  2  0  0  0  0  0  
0  0  0  0  3  0  0  0  
0  0  4  0  0  0  0  0  
0  0  0  0  0  0  0  0  
0  5  0  0  0  0  0  0  
0  0  0  0  0  0  0  0  
0  0  0  0  0  0  0  0  

path no. = 30, step = 4
1  0  0  0  0  0  0  0  
0  0  2  0  0  0  0  0  
0  0  0  0  0  0  0  0  
0  3  0  0  0  0  0  0  
0  0  0  4  0  0  0  0  
0  5  0  0  0  0  0  0  
0  0  0  0  0  0  0  0  
0  0  0  0  0  0  0  0  

path no. = 31, step = 4
1  0  0  0  0  0  0  0  
0  0  2  0  0  0  0  0  
3  0  0  0  0  0  0  0  
0  0  4  0  0  0  0  0  
0  0  0  0  0  0  0  0  
0  5  0  0  0  0  0  0  
0  0  0  0  0  0  0  0  
0  0  0  0  0  0  0  0  

path no. = 32, step = 4
1  0  0  0  0  0  0  0  
0  0  0  3  0  0  0  0  
0  2  0  0  0  0  0  0  
0  0  4  0  0  0  0  0  
0  0  0  0  0  0  0  0  
0  5  0  0  0  0  0  0  
0  0  0  0  0  0  0  0  
0  0  0  0  0  0  0  0  

path no. = 33, step = 4
1  0  0  0  0  0  0  0  
0  0  0  0  0  0  0  0  
0  2  0  0  0  0  0  0  
0  0  0  0  0  0  0  0  
0  0  3  0  0  0  0  0  
0  5  0  0  0  0  0  0  
0  0  0  4  0  0  0  0  
0  0  0  0  0  0  0  0  

path no. = 34, step = 4
1  0  0  0  0  0  0  0  
0  0  0  0  0  0  0  0  
0  2  0  0  0  0  0  0  
4  0  0  0  0  0  0  0  
0  0  3  0  0  0  0  0  
0  5  0  0  0  0  0  0  
0  0  0  0  0  0  0  0  
0  0  0  0  0  0  0  0  

path no. = 35, step = 4
1  0  0  0  0  0  0  0  
0  0  0  0  0  0  0  0  
0  2  0  0  0  0  0  0  
0  0  4  0  0  0  0  0  
3  0  0  0  0  0  0  0  
0  5  0  0  0  0  0  0  
0  0  0  0  0  0  0  0  
0  0  0  0  0  0  0  0  

